CATEGORY                                                                                                                                                                                                                                                        NEW_COUNT   NEW_MAX_SEVERITY ACK_COUNT   ACK_MAX_SEVERITY WAIT_COUNT  WAIT_MAX_SEVERITY MAINT_COUNT MAINT_MAX_SEVERITY AUTO_COUNT  AUTO_MAX_SEVERITY
--------------------------------------------------------------------------------------------------------------------------------------------------------------------------------------------------------------------------------------------------------------- ----------- ---------------- ----------- ---------------- ----------- ----------------- ----------- ------------------ ----------- -----------------
AZ                                                                                                                                                                                                                                                                       29                6           0                0          13                 6          17                  6          16                 6
GLOBAL                                                                                                                                                                                                                                                                   43                6           0                0          20                 6          23                  6          18                 6
PA                                                                                                                                                                                                                                                                       48                6           0                0          25                 6          25                  6          25                 6
TX                                                                                                                                                                                                                                                                       39                6           0                0          20                 6          24                  6          17                 5
VA                                                                                                                                                                                                                                                                       52                6           0                0          26                 6          24                  6          25                 6
Batch                                                                                                                                                                                                                                                                    12                5           0                0           8                 5           5                  4           4                 5
CVL                                                                                                                                                                                                                                                                      11                6           0                0           4                 6           7                  6           8                 6
Card                                                                                                                                                                                                                                                                      7                6           0                0           4                 6           4                  4           3                 4
Deposits                                                                                                                                                                                                                                                                 11                6           0                0           7                 6           6                  6           7                 5
GWIM                                                                                                                                                                                                                                                                     10                6           0                0           6                 6           6                  6           5                 6
Integration Services                                                                                                                                                                                                                                                     10                6           0                0           2                 2           4                  3           6                 4
Mortgage                                                                                                                                                                                                                                                                 12                5           0                0           4                 5           5                  5           7                 5
Other                                                                                                                                                                                                                                                                     5                3           0                0           2                 3           3                  3           3                 3
All                                                                                                                                                                                                                                                                     211                6           0                0         104                 6         113                  6         101                 6